1000 15
748
220
588
957
997
706
861
500
666
881
271
798
283
118
935
502
432
965
120
665
133
349
503
172
677
857
42
163
523
519
587
539
851
316
537
127
755
511
518
293
224
367
669
597
530
79
117
721
349
831
349
420
943
918
688
216
302
150
510
141
195
374
419
727
180
319
865
553
998
778
207
821
230
91
771
535
703
296
422
778
710
777
495
641
434
743
830
202
107
398
841
967
977
524
311
724
243
730
625
115
729
653
897
979
766
959
237
428
554
57
55
556
546
944
559
752
686
524
460
974
332
186
322
227
763
277
670
608
746
956
551
839
180
694
864
657
463
427
343
517
289
656
786
502
813
73
474
968
850
535
349
156
644
205
333
472
761
293
392
124
590
293
140
542
252
263
207
113
820
180
642
208
800
953
530
871
140
982
722
770
168
703
775
768
977
469
158
645
758
201
873
678
805
389
939
475
464
591
763
405
692
855
809
974
149
289
49
794
50
489
976
124
423
118
442
287
572
89
693
439
404
93
436
758
399
275
207
369
408
71
233
723
153
406
917
791
409
65
866
143
775
179
275
188
457
979
377
839
599
503
440
744
737
731
915
455
341
290
539
113
346
780
688
225
79
397
464
194
354
111
799
563
508
702
252
687
291
503
991
978
233
738
845
213
955
202
464
167
650
173
84
300
106
602
826
507
254
455
390
278
502
359
607
742
122
471
479
523
577
158
726
722
771
983
977
244
745
920
915
196
162
815
386
290
234
893
136
189
973
558
165
575
241
422
772
416
96
757
900
982
578
113
98
796
658
829
247
371
813
722
498
503
701
682
884
413
645
328
554
72
515
238
441
491
89
229
883
346
978
612
222
880
241
925
681
288
336
140
663
104
823
912
906
854
47
275
126
703
274
881
797
276
728
195
911
714
180
118
522
729
627
40
816
129
358
209
959
124
954
890
407
991
225
613
807
231
603
714
306
707
789
784
976
86
475
754
514
61
269
800
205
923
780
80
883
350
587
738
48
542
201
811
551
993
41
382
116
271
854
627
671
548
352
159
710
535
911
206
798
113
913
484
195
827
884
67
156
416
463
213
138
610
133
365
846
40
809
394
614
186
239
872
420
498
773
304
752
990
968
720
407
788
684
503
423
109
619
451
511
642
934
574
519
586
926
370
524
528
937
823
997
450
292
145
650
174
657
686
96
633
392
947
623
407
575
866
469
768
65
451
678
209
564
744
501
804
439
875
277
642
961
109
478
397
742
405
869
369
888
65
957
462
371
221
477
91
852
451
182
473
204
509
938
653
103
76
725
969
454
142
723
225
271
599
93
192
459
711
328
191
397
773
74
621
803
338
949
225
124
354
549
410
220
300
550
435
165
763
803
703
916
248
71
888
428
740
416
873
501
872
776
450
403
386
340
81
227
507
601
847
517
300
355
823
741
675
298
70
717
905
533
394
418
579
774
255
510
173
741
488
227
447
372
739
257
171
450
494
98
170
127
676
467
266
797
223
960
142
62
993
337
103
913
132
108
68
197
484
950
390
76
984
638
56
239
173
955
783
997
525
830
300
387
173
378
147
432
893
855
259
695
441
992
329
108
92
262
337
171
482
341
872
962
705
325
90
975
189
791
813
886
582
993
61
891
643
251
459
489
449
727
120
471
292
643
605
923
511
877
642
304
578
196
679
867
586
643
222
459
418
503
428
404
591
917
407
594
525
823
655
206
515
302
282
250
326
195
876
960
294
885
791
553
819
188
172
321
872
439
994
394
573
158
251
806
934
637
278
707
94
94
889
169
754
120
590
598
603
513
595
631
115
809
999
41
630
199
932
481
306
583
903
185
944
526
832
802
47
557
752
481
539
252
118
372
795
554
600
239
834
746
199
221
278
473
451
890
239
750
394
184
466
893
547
890
822
89
190
291
775
120
96
543
867
850
514
227
762
652
858
414
481
397
48
82
82
830
261
846
96
698
977
292
643
609
183
654
798
880
551
593
301
417
642
628
298
711
140
401
476
477
758
882
147
588
771
942
431
445
975
926
62
992
649
290
818
948
873
771
537
841
105
692
686
260
277
335
90
619
391
52
712
416
451
475
467
410
323
551
108
159
928
249
725
453
636
808
84
651
671
601
473
127
367
120
979
175
851
452
228
433
101
838
950
835
322
911
991
360
973
813
135
807
158
686
539
150
223
113
557
278
866
929
620
427
885
408
705
966
459
563
229
597
122
243
139
524
856
629
712
909
186
609
672
719
928
567
41
753
430
397
418
323
764
759
620
894
444
498
400
